1 0.7074218750000001 0.5506944444444445 0.10859375 0.1375
2 0.7113281250000001 0.78125 0.06328125 0.10416666666666667
1 0.7894531250000001 0.5388888888888889 0.06484375 0.09722222222222222
2 0.7855468750000001 0.6819444444444445 0.04609375 0.06944444444444445
0 0.7058593750000001 0.6569444444444444 0.11171875 0.36944444444444446
0 0.7914062500000001 0.5993055555555555 0.0671875 0.24861111111111112
0 0.46718750000000003 0.4847222222222222 0.029687500000000002 0.11388888888888889
0 0.536328125 0.4881944444444445 0.025781250000000002 0.10416666666666667
0 0.421875 0.30972222222222223 0.029687500000000002 0.1
0 0.472265625 0.3215277777777778 0.030468750000000003 0.08750000000000001
