1 0.446875 0.14027777777777778 0.19062500000000002 0.06944444444444445
2 0.44843750000000004 0.8777777777777778 0.16875 0.2
0 0.44296875 0.5361111111111111 0.21406250000000002 0.8833333333333334
1 0.675 0.6694444444444445 0.05 0.022222222222222223
2 0.67890625 0.85 0.0421875 0.05555555555555556
0 0.6804687500000001 0.7722222222222223 0.0734375 0.25
1 0.81640625 0.6791666666666667 0.06406250000000001 0.04166666666666667
2 0.82578125 0.8652777777777778 0.0390625 0.04722222222222222
0 0.8187500000000001 0.7736111111111111 0.07500000000000001 0.24166666666666667
1 0.9203125000000001 0.6611111111111111 0.065625 0.044444444444444446
0 0.92578125 0.7652777777777778 0.08281250000000001 0.275
