1 0.36875 0.6687500000000001 0.146875 0.2152777777777778
2 0.36835937500000004 0.9284722222222223 0.05859375 0.0625
0 0.369921875 0.7583333333333334 0.16171875000000002 0.41111111111111115
1 0.800390625 0.5118055555555556 0.13671875 0.2152777777777778
2 0.765234375 0.913888888888889 0.07265625 0.09722222222222222
0 0.7976562500000001 0.6791666666666667 0.15000000000000002 0.5722222222222223
1 0.425390625 0.35555555555555557 0.03359375 0.05277777777777778
1 0.5320312500000001 0.31875000000000003 0.035937500000000004 0.05694444444444444
2 0.42578125 0.47222222222222227 0.0234375 0.05555555555555556
2 0.527734375 0.4166666666666667 0.02109375 0.044444444444444446
0 0.42578125 0.4138888888888889 0.045312500000000006 0.18611111111111112
0 0.530859375 0.36388888888888893 0.04609375 0.1638888888888889
1 0.7000000000000001 0.22986111111111113 0.037500000000000006 0.06527777777777778
2 0.6941406250000001 0.36875 0.025781250000000002 0.059722222222222225
0 0.6984375 0.29583333333333334 0.05 0.21666666666666667
1 0.79296875 0.26666666666666666 0.025 0.036111111111111115
2 0.7898437500000001 0.32569444444444445 0.015625 0.03194444444444445
0 0.79296875 0.2965277777777778 0.034375 0.10972222222222222
