1 0.41484375 0.6967455621301775 0.1234375 0.056213017751479286
2 0.42421875000000003 0.9674556213017751 0.06406250000000001 0.0650887573964497
0 0.41640625000000003 0.8298816568047337 0.13593750000000002 0.34023668639053256
1 0.5953125 0.7115384615384616 0.115625 0.0621301775147929
2 0.59140625 0.9615384615384616 0.0546875 0.07692307692307693
0 0.59609375 0.8343195266272189 0.1296875 0.3313609467455621
1 0.47187500000000004 0.4156804733727811 0.037500000000000006 0.04437869822485207
2 0.4734375 0.5029585798816568 0.021875000000000002 0.047337278106508875
0 0.47421875 0.45857988165680474 0.0484375 0.14792899408284024
1 0.53828125 0.40236686390532544 0.0390625 0.04142011834319526
2 0.5375 0.48520710059171596 0.025 0.03550295857988166
0 0.53828125 0.4423076923076923 0.045312500000000006 0.1390532544378698
