1 0.36822916666666666 0.7351851851851852 0.26979166666666665 0.24814814814814815
2 0.38229166666666664 0.9574074074074075 0.06458333333333333 0.08518518518518518
0 0.3697916666666667 0.8009259259259259 0.27708333333333335 0.39814814814814814
1 0.6572916666666666 0.7314814814814815 0.13125 0.12962962962962962
2 0.6494791666666666 0.9055555555555556 0.04895833333333333 0.1
0 0.65625 0.8074074074074075 0.13958333333333334 0.3074074074074074
1 0.5130208333333334 0.46574074074074073 0.053125 0.02777777777777778
2 0.5119791666666667 0.5750000000000001 0.028125 0.053703703703703705
0 0.5135416666666667 0.5268518518518519 0.06458333333333333 0.16481481481481483
1 0.375 0.3814814814814815 0.04791666666666666 0.02592592592592593
2 0.37916666666666665 0.512962962962963 0.022916666666666665 0.06296296296296297
0 0.375 0.45925925925925926 0.058333333333333334 0.18888888888888888
