1 0.759375 0.6555555555555556 0.07291666666666667 0.17407407407407408
2 0.75 0.8527777777777779 0.04791666666666666 0.10925925925925926
0 0.7578125 0.7398148148148148 0.08645833333333333 0.35000000000000003
1 0.6583333333333333 0.6453703703703704 0.04791666666666666 0.09814814814814815
2 0.65625 0.7657407407407407 0.03333333333333333 0.06851851851851852
0 0.6567708333333333 0.7000000000000001 0.059375 0.22592592592592595
1 0.24010416666666667 0.4305555555555556 0.059375 0.02777777777777778
2 0.24947916666666667 0.5583333333333333 0.03229166666666666 0.05
0 0.24010416666666667 0.500925925925926 0.071875 0.18333333333333335
0 0.35520833333333335 0.5416666666666667 0.05 0.13518518518518519
