1 0.1421875 0.23055555555555557 0.278125 0.11666666666666667
2 0.13984375000000002 0.9097222222222222 0.1546875 0.18055555555555555
0 0.14609375 0.5777777777777778 0.2890625 0.8388888888888889
1 0.44609375 0.6347222222222223 0.0484375 0.06944444444444445
0 0.446875 0.6861111111111111 0.059375000000000004 0.18333333333333335
1 0.58515625 0.5583333333333333 0.051562500000000004 0.02777777777777778
2 0.5945312500000001 0.7541666666666667 0.0390625 0.04722222222222222
0 0.58984375 0.6597222222222222 0.0671875 0.24722222222222223
1 0.73359375 0.5750000000000001 0.060937500000000006 0.03888888888888889
1 0.8406250000000001 0.5680555555555555 0.05625 0.04166666666666667
2 0.7296875 0.763888888888889 0.034375 0.06666666666666667
2 0.8445312500000001 0.7833333333333333 0.0484375 0.061111111111111116
0 0.734375 0.6777777777777778 0.06875 0.2555555555555556
0 0.84140625 0.6819444444444445 0.0671875 0.28055555555555556
