1 0.50234375 0.6194444444444445 0.1546875 0.17777777777777778
2 0.496875 0.9347222222222222 0.0625 0.11388888888888889
0 0.503125 0.7611111111111112 0.171875 0.4777777777777778
1 0.72421875 0.6736111111111112 0.0765625 0.08055555555555556
2 0.73203125 0.851388888888889 0.045312500000000006 0.075
0 0.7265625 0.763888888888889 0.09062500000000001 0.2777777777777778
1 0.32734375000000004 0.5625 0.060937500000000006 0.04166666666666667
1 0.23515625 0.5875 0.051562500000000004 0.04722222222222222
2 0.3140625 0.9625 0.0625 0.075
2 0.20859375000000002 0.9416666666666667 0.08281250000000001 0.07222222222222223
0 0.32578125 0.7597222222222223 0.08281250000000001 0.4638888888888889
0 0.215625 0.7652777777777778 0.10312500000000001 0.4361111111111111
