1 0.24531250000000002 0.3819444444444445 0.14375000000000002 0.075
2 0.26015625000000003 0.7875 0.0921875 0.125
0 0.24531250000000002 0.5986111111111111 0.153125 0.525
1 0.5632812500000001 0.5472222222222223 0.0703125 0.03888888888888889
2 0.56875 0.7666666666666667 0.059375000000000004 0.08333333333333334
0 0.5671875000000001 0.6680555555555556 0.084375 0.2972222222222222
1 0.7859375000000001 0.5930555555555556 0.05625 0.036111111111111115
2 0.7914062500000001 0.7472222222222222 0.045312500000000006 0.07777777777777778
0 0.7921875 0.6833333333333333 0.078125 0.22777777777777777
1 0.44609375 0.5430555555555556 0.0703125 0.04166666666666667
2 0.44296875 0.7111111111111111 0.0390625 0.05555555555555556
0 0.446875 0.6277777777777778 0.08125 0.2388888888888889
